500 100 750
8 14 19 5 19 20 21 22 7 14 16 25 13 13 22 23 12 21 24 8 16 18 16 14 13 16 18 6 12 9 7 22 7 17 15 19 23 16 8 25 10 14 19 14 5 6 17 23 5 11 15 21 10 6 20 12 6 6 22 18 16 17 20 13 16 8 15 20 6 23 17 18 25 11 11 6 18 7 8 17 6 9 10 5 15 19 23 22 18 7 7 25 7 16 19 11 10 25 10 25 23 23 8 6 16 21 13 8 12 11 6 24 13 23 15 14 7 15 12 20 14 10 20 13 23 8 6 22 7 23 15 23 9 24 12 13 15 8 18 11 15 11 15 15 18 5 25 25 10 19 25 16 10 17 12 19 10 10 12 14 9 18 19 20 5 20 16 5 12 5 6 17 10 9 5 7 18 12 19 22 14 11 12 17 17 13 20 5 5 6 5 10 7 9 16 18 14 6 13 24 22 21 21 9 22 18 14 13 23 24 20 7 9 5 21 6 16 19 20 23 8 12 14 19 10 7 16 25 13 25 10 9 23 23 20 23 15 12 16 9 24 25 11 6 8 10 10 22 8 25 6 12 21 8 24 15 19 17 16 18 18 17 20 23 5 15 25 5 6 7 6 23 15 18 22 10 11 25 5 21 18 14 13 21 24 17 7 23 23 11 14 22 15 12 13 15 10 10 15 9 5 11 8 7 18 14 16 21 15 7 13 10 19 7 9 22 18 12 11 22 19 13 20 14 6 8 25 10 25 12 7 20 13 25 9 19 14 23 20 13 24 10 25 23 9 11 12 8 14 22 23 21 14 14 23 16 7 9 6 20 22 18 5 5 13 22 6 6 22 22 5 21 22 19 16 11 16 20 21 14 11 20 8 5 18 19 24 13 16 24 16 15 12 6 22 8 20 25 5 14 7 5 6 24 18 23 7 5 14 19 12 9 22 8 15 5 10 7 16 9 19 11 19 12 17 7 19 5 10 14 21 6 20 15 11 15 6 10 24 23 18 9 8 7 19 5 21 7 22 17 5 14 7 14 16 10 14 6 8 17 8 22 19 14 19 11 16 18 24 25 22 12 9 16 12 11 19 20 16 7 15 23 22 8 23 16 16 10 20 14 21 16 5 19 7 7 22 11 18 11
14 3 1 6 17 5 20 5 23 2 16 18 5 16 8 6 23 14 5 21 20 13 20 22 15 14 9 1 7 25 6 15 14 10 15 3 12 11 7 22 19 13 9 23 18 13 24 6 14 7 8 21 5 18 17 6 2 18 10 13 22 14 16 5 14 14 17 18 22 20 20 5 11 20 25 6 1 13 17 13 22 8 13 3 9 14 4 2 21 3 6 17 17 25 15 9 1 20 19 4 20 16 20 23 18 1 8 3 5 17 8 10 18 23 21 5 3 23 2 8 13 3 2 11 19 12 13 7 12 2 13 22 2 7 21 1 22 6 15 6 1 20 4 16 5 20 9 11 2 14 7 16 19 1 5 25 3 3 8 18 3 19 17 1 13 9 17 7 15 25 10 3 10 9 7 18 25 10 12 13 3 19 25 13 22 10 16 8 19 10 16 24 13 9 6 2 22 1 13 11 13 17 3 14 8 15 11 6 10 18 20 13 8 20 20 4 25 11 18 20 14 13 20 18 24 21 10 8 20 20 11 21 13 24 11 24 6 8 10 17 23 4 13 5 15 20 12 2 20 10 1 22 10 13 6 25 15 7 3 2 21 5 25 2 6 17 1 21 19 7 2 15 7 9 5 15 19 12 22 25 7 4 9 13 13 8 11 10 9 12 1 4 7 4 13 21 6 2 19 16 25 12 19 13 18 20 22 22 12 23 5 21 9 20 24 14 5 2 7 25 15 2 1 15 6 8 19 23 16 12 14 21 20 15 5 17 3 23 14 5 1 3 16 3 20 5 13 16 4 4 14 25 18 4 17 24 13 24 8 9 3 25 11 21 6 16 1 19 11 11 10 18 2 2 22 12 16 19 12 5 5 18 3 14 11 17 6 22 15 9 25 17 13 4 11 16 15 25 8 23 16 11 24 9 14 13 17 15 20 9 3 7 11 13 4 15 22 20 21 18 4 13 20 25 14 19 16 6 9 2 22 17 10 24 25 18 9 8 23 21 18 7 5 17 9 20 22 23 25 6 1 18 12 17 25 4 23 21 17 22 22 5 6 16 9 18 21 3 19 21 15 1 2 5 20 21 19 21 25 9 12 18 1 2 20 14 14 13 4 3 5 17 25 7 15 5 21 19 11 22
1 10 2
129 149
1 5 2
291 460
1 7 2
13 284
1 6 2
111 456
1 8 2
18 209
1 14 2
187 389
1 1 2
360 413
1 13 2
93 282
1 14 2
184 304
1 10 2
23 253
1 13 2
443 472
1 15 2
90 255
1 1 2
251 333
1 15 2
18 20
1 9 2
147 293
1 13 2
22 211
1 12 2
37 192
1 4 2
327 488
1 14 2
349 433
1 13 2
199 465
1 12 2
409 476
1 12 2
195 407
1 6 2
183 262
1 6 2
104 415
1 1 2
30 392
1 2 2
18 465
1 2 2
444 456
1 5 2
467 470
1 7 2
317 479
1 14 2
73 259
1 13 2
55 160
1 1 2
57 122
1 7 2
22 360
1 7 2
53 119
1 4 2
262 343
1 3 2
69 445
1 5 2
281 470
1 2 2
229 359
1 10 2
342 393
1 6 2
32 278
1 10 2
55 315
1 11 2
226 326
1 9 2
268 461
1 9 2
182 370
1 15 2
268 494
1 9 2
123 190
1 8 2
231 369
1 1 2
379 483
1 10 2
264 272
1 13 2
377 450
1 5 2
102 374
1 15 2
101 364
1 15 2
218 249
1 11 2
41 421
1 7 2
150 415
1 1 2
82 383
1 2 2
17 362
1 11 2
281 319
1 15 2
3 150
1 14 2
140 387
1 13 2
240 424
1 2 2
230 325
1 13 2
227 459
1 7 2
31 252
1 15 2
375 444
1 7 2
403 498
1 7 2
328 480
1 2 2
210 469
1 9 2
50 266
1 12 2
25 488
1 2 2
153 401
1 1 2
392 431
1 6 2
105 269
1 1 2
142 184
1 7 2
109 447
1 10 2
37 315
1 9 2
424 462
1 2 2
122 401
1 10 2
55 251
1 9 2
135 491
1 15 2
31 149
1 14 2
205 464
1 13 2
274 487
1 5 2
227 296
1 6 2
5 434
1 8 2
46 400
1 7 2
100 282
1 1 2
182 444
1 5 2
206 418
1 12 2
146 309
1 5 2
13 454
1 11 2
69 186
1 12 2
151 313
1 13 2
68 377
1 4 2
202 313
1 8 2
33 434
1 6 2
271 414
1 5 2
228 445
1 1 2
44 247
1 2 2
252 294