500 100 750
5 23 8 18 21 22 21 18 9 25 11 7 14 23 18 20 22 5 12 7 20 10 5 9 25 11 7 7 18 11 20 18 6 21 7 6 9 8 13 10 13 25 21 25 14 17 18 20 17 19 15 18 20 13 15 25 17 15 18 14 25 17 10 19 7 7 5 9 15 21 22 12 9 12 6 25 19 10 19 24 20 19 8 15 8 5 9 15 13 24 14 16 24 16 23 24 11 11 12 21 13 9 18 11 6 24 23 5 6 16 23 7 24 7 20 22 15 18 19 25 14 20 6 8 13 16 12 12 16 25 16 18 20 16 23 9 8 17 20 13 20 12 13 24 17 16 11 7 11 13 21 15 25 7 11 17 21 5 5 25 22 24 24 19 12 23 23 5 14 23 24 25 22 16 7 11 6 10 19 20 7 11 9 24 25 21 6 17 7 25 19 10 23 21 5 16 23 22 24 12 24 16 25 16 11 20 8 11 22 17 22 23 8 11 10 10 20 20 8 18 17 24 21 9 22 9 18 24 22 23 22 5 18 25 21 19 18 11 11 22 19 13 10 20 18 5 17 19 12 18 22 20 11 23 9 16 14 12 8 18 13 9 15 12 11 16 18 10 18 19 12 19 19 14 13 14 25 5 23 10 21 23 14 23 13 15 7 25 15 20 9 20 23 15 23 9 16 21 7 22 18 5 22 8 14 18 7 15 25 6 13 25 20 25 20 6 18 10 6 20 9 10 24 23 8 5 9 15 12 23 25 8 23 23 13 22 17 16 23 21 15 24 23 11 22 13 12 17 25 12 5 23 16 10 6 20 10 7 14 20 21 17 23 17 23 16 24 16 18 25 24 16 21 16 15 18 23 20 14 25 13 19 11 9 20 14 10 24 16 16 8 5 25 20 23 7 17 18 17 15 16 18 18 8 10 18 12 19 5 12 21 17 24 20 18 13 23 5 12 15 18 11 9 17 15 17 15 25 13 11 21 17 8 12 16 11 18 18 20 16 20 14 18 10 22 7 15 10 20 8 18 16 22 13 13 11 9 17 19 20 21 5 22 9 5 6 14 17 12 8 10 18 22 23 22 7 10 17 7 21 18 24 10 17 24 21 12 24 18 6 17 23 24 22 24 12 21 5 25 19
1 22 22 19 16 22 17 4 14 21 23 18 20 20 22 20 11 23 1 7 19 10 7 10 9 17 20 9 17 23 3 12 23 12 7 24 25 14 22 7 3 2 25 4 8 15 24 25 6 16 17 14 8 10 12 2 8 13 20 15 25 25 19 23 6 12 25 7 1 11 19 3 24 3 25 6 15 17 22 1 10 1 5 10 19 25 18 12 25 19 21 21 21 10 13 16 8 7 9 21 25 23 4 8 19 10 1 23 12 15 21 9 19 12 11 13 18 23 18 11 23 14 24 3 13 14 7 2 13 13 5 21 25 16 2 2 18 16 23 3 7 11 6 7 23 18 9 19 17 20 25 25 2 10 17 2 18 3 9 5 6 11 12 22 9 13 6 15 10 24 16 16 12 3 7 9 7 25 23 23 2 16 23 1 22 10 11 14 19 12 1 3 21 4 15 20 7 6 8 9 22 5 19 5 20 19 20 24 15 16 17 23 16 20 7 23 25 14 6 7 22 8 2 21 17 7 18 6 1 13 2 12 20 15 22 10 13 16 18 20 15 22 9 20 22 2 25 20 19 22 19 10 24 22 23 14 12 18 20 11 11 14 7 14 25 18 4 11 15 16 9 16 2 21 10 13 23 1 20 4 6 25 4 22 11 12 14 1 22 21 6 14 15 15 10 21 11 7 7 13 14 12 20 10 5 21 10 7 8 22 6 15 8 8 24 14 14 22 23 1 14 12 20 18 13 13 2 12 16 1 8 21 18 9 15 11 6 14 10 7 17 25 11 11 19 11 16 1 17 18 19 7 13 17 19 5 17 25 8 18 15 14 4 12 9 24 10 6 15 20 6 22 9 10 9 9 16 14 5 11 18 23 11 9 12 16 14 18 7 4 8 23 16 3 17 10 18 16 17 10 21 5 10 11 11 2 3 8 6 9 8 24 21 3 10 1 16 15 5 4 24 10 17 3 3 6 6 21 17 19 18 7 9 19 8 24 10 9 24 12 19 9 22 13 24 18 15 12 24 16 2 3 4 4 19 14 16 21 8 12 6 16 16 25 21 14 6 6 11 23 11 3 15 20 10 6 16 1 7 2 8 11 23 4 25 11 20 24 19 23 15 7 10 17 9 24 2 22 15 9
1 6 2
334 499
1 13 2
224 485
1 7 2
51 396
1 14 2
486 497
1 6 2
207 341
1 12 2
0 187
1 12 2
75 439
1 9 2
406 462
1 8 2
141 339
1 6 2
150 411
1 6 2
52 424
1 13 2
183 424
1 11 2
285 303
1 1 2
192 371
1 14 2
52 66
1 4 2
107 117
1 9 2
78 266
1 5 2
66 324
1 12 2
41 65
1 1 2
401 464
1 14 2
263 284
1 5 2
123 457
1 3 2
152 321
1 5 2
257 326
1 9 2
164 400
1 6 2
347 402
1 5 2
52 377
1 12 2
90 435
1 9 2
24 102
1 7 2
226 274
1 3 2
199 296
1 10 2
143 470
1 14 2
39 111
1 10 2
110 379
1 7 2
176 279
1 13 2
32 207
1 7 2
109 167
1 4 2
295 300
1 2 2
358 360
1 2 2
109 270
1 9 2
73 312
1 6 2
300 341
1 1 2
129 134
1 11 2
310 402
1 9 2
107 379
1 1 2
50 440
1 5 2
355 487
1 9 2
292 412
1 7 2
103 113
1 13 2
293 436
1 15 2
152 208
1 15 2
56 421
1 14 2
99 106
1 2 2
168 246
1 5 2
24 94
1 2 2
383 452
1 8 2
10 358
1 14 2
162 373
1 12 2
5 287
1 13 2
274 411
1 2 2
60 221
1 13 2
64 68
1 15 2
22 93
1 15 2
151 374
1 1 2
140 465
1 15 2
143 377
1 1 2
64 498
1 3 2
393 471
1 1 2
22 204
1 8 2
295 301
1 12 2
316 403
1 4 2
364 408
1 8 2
210 392
1 6 2
240 338
1 13 2
80 492
1 7 2
157 221
1 10 2
34 218
1 1 2
79 309
1 15 2
260 407
1 15 2
320 431
1 1 2
38 405
1 13 2
231 274
1 12 2
187 499
1 3 2
139 201
1 12 2
203 382
1 14 2
244 456
1 9 2
297 317
1 7 2
67 424
1 6 2
128 250
1 8 2
321 408
1 13 2
366 471
1 12 2
108 119
1 1 2
212 426
1 2 2
309 342
1 14 2
70 311
1 15 2
166 308
1 9 2
10 134
1 9 2
235 299
1 4 2
267 339
1 14 2
92 251